1 	1 	1.47629
1 	2 	1.87608
1 	3 	2.29199
1 	4 	2.59999
1 	5 	2.65471
1 	6 	2.79546
1 	7 	2.8613
1 	8 	2.99776
1 	9 	3.08811
1 	10 	3.1421
2 	2 	2.51043
2 	3 	2.69848
2 	4 	2.87733
2 	5 	2.94693
2 	6 	3.03914
2 	7 	3.10493
2 	8 	3.21426
2 	9 	3.25649
2 	10 	3.30683
3 	3 	2.94177
3 	4 	3.00304
3 	5 	3.10604
3 	6 	3.21246
3 	7 	3.29058
3 	8 	3.39022
3 	9 	3.45997
3 	10 	3.51987
4 	4 	3.14073
4 	5 	3.23839
4 	6 	3.33982
4 	7 	3.46735
4 	8 	3.54098
4 	9 	3.62106
4 	10 	3.73183
5 	5 	3.32738
5 	6 	3.48672
5 	7 	3.61253
5 	8 	3.72108
5 	9 	3.76785
5 	10 	3.7408
6 	6 	3.68118
6 	7 	3.77853
6 	8 	3.83563
6 	9 	4.03786
6 	10 	4.08999
7 	7 	4.02168
7 	8 	4.20111
7 	9 	4.2829
7 	10 	4.17119
8 	8 	4.42666
8 	9 	4.42452
8 	10 	4.58943
9 	9 	4.6235
9 	10 	4.56976
10 	10 	4.68467
